4294967279,51
4294967279,48
4294967279,40
4294967279,35
4294967279,34
4294967279,29
4294967279,28
4294967279,23
4294967293,131
4294967293,130
4294967293,129
4294967293,128
4294967293,127
4294967293,126
4294967293,125
4294967293,124
4294967293,123
4294967293,122
4294967293,121
4294967293,120
4294967293,119
4294967293,118
4294967293,117
4294967293,116
4294967293,115
4294967293,114
4294967293,113
4294967293,112
4294967293,111
4294967293,110
4294967293,109
4294967293,108
4294967293,107
4294967293,106
4294967293,105
4294967293,104
4294967293,103
4294967293,102
4294967293,101
4294967293,100
4294967293,99
4294967293,98
4294967293,97
4294967293,96
4294967293,95
4294967293,94
4294967293,93
4294967293,92
4294967293,91
4294967293,90
4294967293,89
4294967293,87
4294967293,86
4294967293,85
4294967293,84
4294967293,83
4294967293,82
4294967293,81
4294967293,80
4294967293,79
4294967293,78
4294967293,77
4294967293,76
4294967293,75
4294967293,74
4294967293,73
4294967293,72
4294967293,71
4294967293,70
4294967293,69
4294967293,68
4294967293,67
4294967293,66
4294967293,65
4294967293,64
4294967293,63
4294967293,62
4294967293,61
4294967293,60
4294967293,59
4294967293,58
4294967293,57
4294967293,56
4294967293,55
4294967293,54
4294967293,53
4294967293,52
4294967293,51
4294967293,50
4294967293,49
4294967293,48
4294967293,47
4294967293,46
4294967293,45
4294967293,44
4294967293,43
4294967293,42
4294967293,41
4294967293,40
4294967293,39
4294967293,38
4294967293,37
4294967293,36
4294967293,35
4294967293,34
4294967293,33
4294967293,32
4294967293,31
4294967293,30
4294967293,29
4294967293,28
4294967293,27
4294967293,26
4294967293,25
4294967293,24
4294967293,23
4294967293,22
4294967293,21
4294967293,20
4294967293,19
4294967293,18
4294967293,17
4294967293,16
4294967293,15
4294967293,14
4294967293,13
4294967293,12
4294967293,11
4294967293,10
4294967293,9
4294967293,8
4294967293,7
4294967293,6
4294967293,5
4294967293,4
4294967293,3
4294967278,414
4294967278,251
4294967278,123
4294967278,121
4294967278,120
4294967278,246
4294967278,119
4294967278,114
4294967278,113
4294967278,112
4294967278,232
4294967278,111
4294967278,226
4294967278,108
4294967278,102
4294967278,101
4294967278,100
4294967278,99
4294967278,98
4294967278,95
4294967278,94
4294967278,93
4294967278,92
4294967278,413
4294967278,87
4294967278,86
4294967278,85
4294967278,410
4294967278,84
4294967278,82
4294967278,81
4294967278,79
4294967278,78
4294967278,77
4294967278,76
4294967278,75
4294967278,74
4294967278,73
4294967278,72
4294967278,71
4294967278,70
4294967278,69
4294967278,66
4294967278,65
4294967278,64
4294967278,63
4294967278,62
4294967278,55
4294967278,54
4294967278,53
4294967278,320
4294967278,51
4294967278,319
4294967278,50
4294967278,318
4294967278,49
4294967278,317
4294967278,48
4294967278,47
4294967278,46
4294967278,45
4294967278,44
4294967278,311
4294967278,42
4294967278,310
4294967278,41
4294967278,309
4294967278,40
4294967278,308
4294967278,39
4294967278,38
4294967278,37
4294967278,36
4294967278,0
4294967278,407
4294967278,35
4294967278,303
4294967278,34
4294967278,302
4294967278,33
4294967278,32
4294967278,31
4294967278,30
4294967278,29
4294967278,297
4294967278,28
4294967278,296
4294967278,27
4294967278,26
4294967278,137
4294967278,25
4294967278,277
4294967278,24
4294967278,23
4294967278,22
4294967278,275
4294967278,21
4294967278,20
4294967278,19
4294967278,286
4294967278,18
4294967278,17
4294967278,16
4294967278,415
4294967278,15
4294967278,14
4294967278,13
4294967278,12
4294967278,11
4294967278,281
4294967278,10
4294967278,9
4294967278,8
4294967278,411
4294967278,174
4294967278,405
4294967278,260
4294967279,257
4294967279,127
4294967279,126
4294967279,124
4294967279,123
4294967279,253
4294967279,122
4294967279,251
4294967279,121
4294967279,247
4294967279,245
4294967279,118
4294967279,243
4294967279,117
4294967279,241
4294967279,116
4294967279,239
4294967279,115
4294967279,114
4294967279,113
4294967279,112
4294967279,232
4294967279,111
4294967279,228
4294967279,109
4294967279,469
4294967279,226
4294967279,108
4294967279,224
4294967279,107
4294967279,222
4294967279,106
4294967279,220
4294967279,105
4294967279,216
4294967279,103
4294967279,102
4294967279,472
4294967279,101
4294967279,100
4294967279,99
4294967279,95
4294967279,94
4294967279,93
4294967279,92
4294967279,471
4294967279,89
4294967279,87
4294967279,86
4294967279,85
4294967279,82
4294967279,81
4294967279,80
4294967279,79
4294967279,78
4294967279,76
4294967279,75
4294967279,74
4294967279,73
4294967279,70
4294967279,69
4294967279,68
4294967279,63
4294967279,62
4294967279,61
4294967279,56
4294967279,55
4294967279,50
4294967279,49
4294967279,47
4294967279,46
4294967279,44
4294967279,43
4294967279,42
4294967279,41
4294967279,38
4294967279,37
4294967279,465
4294967279,138
4294967279,26
4294967279,25
4294967279,24
4294967279,134
4294967279,22
4294967279,289
4294967279,21
4294967279,274
4294967279,20
4294967279,19
4294967279,286
4294967279,14
4294967279,12
4294967279,284
4294967279,11
4294967279,264
4294967279,10
4294967279,466
4294967279,470
4294967279,464
4294967279,174
4294967279,0
4294967279,260
4294967294,30
4294967294,1173
4294967294,1168
4294967294,1167
4294967294,1155
4294967294,1084
4294967294,1076
4294967294,1066
4294967294,1176
4294967294,11
4294967294,475
4294967294,14
4294967294,20
4294967294,13
4294967294,127
4294967294,126
4294967294,18
4294967294,12
4294967294,471
4294967278,409
4294967278,408
4294967294,1182
4294967294,2245
4294967294,1444
4294967294,315
4294967294,1216
4294967294,1427
4294967294,426
4294967294,1243
4294967294,1461
4294967294,2242
4294967294,1420
4294967294,1454
4294967294,84
1,3
1,0
4294967294,0
4294967294,1004
4294967294,1003
4294967294,1002
4294967294,1001
4294967294,1000
4294967294,999
4294967294,998
4294967294,996
4294967294,995
4294967294,994
4294967294,993
4294967294,991
4294967294,990
4294967294,989
4294967294,988
4294967294,987
4294967294,986
4294967294,984
4294967294,982
4294967294,980
4294967294,978
4294967294,977
4294967294,973
4294967294,970
4294967294,969
4294967294,968
4294967294,964
4294967294,961
4294967294,960
4294967294,958
4294967294,957
4294967294,955
4294967294,954
4294967294,952
4294967294,727
4294967294,951
4294967294,949
4294967294,946
4294967294,944
4294967294,943
4294967294,940
4294967294,939
4294967294,938
4294967294,937
4294967294,933
4294967294,931
4294967294,929
4294967294,928
4294967294,923
4294967294,921
4294967294,920
4294967294,917
4294967294,913
4294967294,912
4294967294,911
4294967294,910
4294967294,909
4294967294,908
4294967294,906
4294967294,905
4294967294,904
4294967294,902
4294967294,901
4294967294,900
4294967294,899
4294967294,897
4294967294,895
4294967294,893
4294967294,891
4294967294,890
4294967294,887
4294967294,886
4294967294,884
4294967294,883
4294967294,882
4294967294,881
4294967294,880
4294967294,877
4294967294,876
4294967294,874
4294967294,871
4294967294,870
4294967294,865
4294967294,864
4294967294,863
4294967294,861
4294967294,859
4294967294,858
4294967294,857
4294967294,856
4294967294,852
4294967294,851
4294967294,850
4294967294,848
4294967294,847
4294967294,723
4294967294,845
4294967294,844
4294967294,841
4294967294,840
4294967294,839
4294967294,836
4294967294,835
4294967294,834
4294967294,830
4294967294,828
4294967294,826
4294967294,825
4294967294,824
4294967294,823
4294967294,822
4294967294,821
4294967294,820
4294967294,819
4294967294,818
4294967294,816
4294967294,815
4294967294,814
4294967294,813
4294967294,812
4294967294,811
4294967294,810
4294967294,809
4294967294,808
4294967294,807
4294967294,806
4294967294,804
4294967294,802
4294967294,801
4294967294,800
4294967294,799
4294967294,798
4294967294,797
4294967294,795
4294967294,794
4294967294,793
4294967294,790
4294967294,788
4294967294,787
4294967294,786
4294967294,785
4294967294,784
4294967294,782
4294967294,780
4294967294,778
4294967294,776
4294967294,771
4294967294,712
4294967294,768
4294967294,703
4294967294,701
4294967294,700
4294967294,693
4294967294,692
4294967294,691
4294967294,689
4294967294,688
4294967294,685
4294967294,682
4294967294,680
4294967294,676
4294967294,675
4294967294,674
4294967294,673
4294967294,671
4294967294,669
4294967294,667
4294967294,666
4294967294,658
4294967294,656
4294967294,655
4294967294,654
4294967294,651
4294967294,650
4294967294,648
4294967294,644
4294967294,642
4294967294,641
4294967294,640
4294967294,632
4294967294,630
4294967294,629
4294967294,626
4294967294,625
4294967294,624
4294967294,623
4294967294,622
4294967294,732
4294967294,620
4294967294,616
4294967294,615
4294967294,715
4294967294,614
4294967294,613
4294967294,637
4294967294,719
4294967294,612
4294967294,611
4294967294,610
4294967294,730
4294967294,609
4294967294,608
4294967294,607
4294967294,627
4294967294,606
4294967294,605
4294967294,728
4294967294,604
4294967294,724
4294967294,717
4294967294,638
4294967294,603
4294967294,716
4294967294,915
4294967294,725
4294967294,878
4294967294,722
4294967294,875
4294967294,713
4294967294,792
4294967294,791
4294967294,718
4294967294,428
4294967294,1035
4294967294,311
4294967294,2248
4294967294,1247
4294967294,1051
4294967278,236
4294967279,236
4294967278,234
4294967279,234
4294967294,1436
4294967294,298
4294967294,293
4294967294,1750
4294967294,1732
4294967294,1434
4294967294,1271
4294967294,1685
4294967294,1262
4294967278,402
4294967279,460
4294967278,401
4294967278,404
4294967278,403
4294967279,463
4294967279,462
4294967279,461
4294967294,1684
4294967294,1754
4294967294,437
4294967294,1181
4294967294,1749
4294967294,1681
4294967294,1746
4294967294,1745
4294967294,1679
4294967294,1748
4294967294,2243
4294967294,1742
4294967294,411
4294967294,1753
4294967294,1676
4294967294,1674
4294967294,1728
4294967294,456
4294967294,577
4294967294,1737
4294967294,1673
4294967294,1729
4294967294,1467
4294967294,425
4294967294,1671
4294967294,1466
4294967294,1670
4294967294,1730
4294967294,1460
4294967294,443
4294967294,601
4294967294,389
4294967294,1666
4294967294,1457
4294967294,600
4294967294,442
4294967294,1469
4294967294,1664
